Depth  Name              #Inst  Area (um^2) 
--------------------------------------------
0      aes_128_top       131555 8523275.4424
1      bloco             131154 2152744.0704
2      bloco/a6          2407   47982.1608  
2      bloco/r5          10804  167376.4848 
2      bloco/a9          2406   47791.548   
2      bloco/r6          10817  167936.0256 
2      bloco/r7          10762  166709.34   
2      bloco/a4          2410   48059.0208  
2      bloco/a2          2409   47696.2416  
2      bloco/r3          10790  167281.1784 
2      bloco/a7          2408   48145.104   
2      bloco/r4          11165  172009.6056 
2      bloco/r1          11131  170684.5392 
2      bloco/r2          10818  167714.6688 
2      bloco/a1          2443   47828.4408  
2      bloco/a5          2390   47985.2352  
2      bloco/r8          11147  172338.5664 
2      bloco/a8          2398   47856.1104  
2      bloco/r9          10719  166500.2808 
2      bloco/rf          7812   118472.004  
2      bloco/a3          2390   47776.176   
2      bloco/a10         2308   39613.644   
3      bloco/r7/t1_t1    617    8697.4776   
3      bloco/r9/t2_t1    612    8937.2808   
3      bloco/r2/t3_t0    947    13453.5744  
3      bloco/r8/t0_t0    954    13545.8064  
3      bloco/r4/t2_t0    955    13591.9224  
3      bloco/r7/t3_t1    598    8639.064    
3      bloco/r6/t3_t0    596    8706.7008   
3      bloco/r4/t1_t0    619    9063.3312   
3      bloco/r1/t1_t3    959    13613.4432  
3      bloco/r7/t1_t3    606    8906.5368   
3      bloco/r3/t3_t3    607    8596.0224   
3      bloco/r3/t3_t0    623    8795.8584   
3      bloco/r9/t0_t3    589    8445.3768   
3      bloco/r9/t0_t0    598    8752.8168   
3      bloco/r5/t2_t0    611    8949.5784   
3      bloco/r7/t3_t0    620    8715.924    
3      bloco/r2/t0_t2    631    8863.4952   
3      bloco/r9/t3_t0    951    13551.9552  
3      bloco/r6/t0_t3    629    8841.9744   
3      bloco/r2/t2_t3    614    8986.4712   
3      bloco/r8/t1_t3    958    13638.0384  
3      bloco/r4/t3_t3    953    13628.8152  
3      bloco/r1/t3_t3    590    8586.7992   
3      bloco/r2/t1_t3    612    8632.9152   
3      bloco/r5/t2_t2    588    8414.6328   
3      bloco/r2/t0_t1    595    8623.692    
3      bloco/r3/t0_t2    588    8608.32     
3      bloco/r7/t1_t2    591    8577.576    
3      bloco/r7/t0_t3    601    8537.6088   
3      bloco/r9/t1_t3    590    8574.5016   
3      bloco/r3/t1_t3    601    8675.9568   
3      bloco/r7/t3_t3    589    8589.8736   
3      bloco/r4/t1_t2    619    8746.668    
3      bloco/r6/t2_t2    621    8715.924    
3      bloco/r4/t0_t2    620    8700.552    
3      bloco/r1/t1_t1    621    9075.6288   
3      bloco/r2/t3_t3    593    8629.8408   
3      bloco/r8/t0_t3    592    8632.9152   
3      bloco/r1/t2_t2    601    8556.0552   
3      bloco/r8/t3_t3    620    8789.7096   
3      bloco/r5/t1_t2    946    13567.3272  
3      bloco/r7/t2_t2    598    8528.3856   
3      bloco/r5/t0_t2    595    8697.4776   
3      bloco/r1/t0_t1    579    8439.228    
3      bloco/r4/t3_t1    624    8737.4448   
3      bloco/r4/t2_t2    613    8586.7992   
3      bloco/r1/t3_t1    604    8694.4032   
3      bloco/r2/t1_t1    979    13819.428   
3      bloco/r9/t3_t3    602    8513.0136   
3      bloco/r6/t1_t2    592    8571.4272   
3      bloco/r8/t2_t2    592    8608.32     
3      bloco/r7/t0_t1    591    8571.4272   
3      bloco/r3/t2_t1    597    8596.0224   
3      bloco/r9/t1_t1    959    13674.9312  
3      bloco/r6/t3_t2    602    8577.576    
3      bloco/r5/t3_t1    953    13542.732   
3      bloco/r3/t1_t1    621    8758.9656   
3      bloco/r9/t2_t2    591    8436.1536   
3      bloco/r6/t2_t0    610    9004.9176   
3      bloco/r4/t0_t0    599    8531.46     
3      bloco/r1/t0_t3    613    8703.6264   
3      bloco/r2/t3_t1    593    8430.0048   
3      bloco/r8/t1_t0    586    8469.972    
3      bloco/r8/t0_t1    616    8765.1144   
3      bloco/r4/t2_t1    602    8469.972    
3      bloco/r1/t3_t0    607    8620.6176   
3      bloco/r7/t3_t2    613    9091.0008   
3      bloco/r6/t3_t1    600    8703.6264   
3      bloco/r4/t1_t1    595    8605.2456   
3      bloco/r1/t2_t0    615    8688.2544   
3      bloco/r8/t3_t1    604    8580.6504   
3      bloco/r5/t1_t0    589    8552.9808   
3      bloco/r7/t2_t0    589    8522.2368   
3      bloco/r5/t0_t0    625    8737.4448   
3      bloco/r3/t3_t1    592    8454.6      
3      bloco/r9/t1_t0    618    8679.0312   
3      bloco/r9/t0_t1    604    8577.576    
3      bloco/r2/t0_t3    602    8703.6264   
3      bloco/r9/t3_t1    588    8559.1296   
3      bloco/r6/t1_t0    958    13588.848   
3      bloco/r8/t2_t0    620    8762.04     
3      bloco/r6/t0_t0    597    8580.6504   
3      bloco/r2/t2_t0    593    8623.692    
3      bloco/r5/t2_t3    595    8629.8408   
3      bloco/r3/t0_t3    984    13899.3624  
3      bloco/r7/t1_t0    589    8408.484    
3      bloco/r9/t2_t0    603    8525.3112   
3      bloco/r4/t1_t3    592    8439.228    
3      bloco/r6/t2_t3    946    13481.244   
3      bloco/r4/t0_t3    608    8586.7992   
3      bloco/r1/t1_t2    610    8682.1056   
3      bloco/r3/t3_t2    596    8611.3944   
3      bloco/r3/t2_t3    617    9084.852    
3      bloco/r1/t2_t3    618    8682.1056   
3      bloco/r9/t0_t2    604    8989.5456   
3      bloco/r5/t1_t3    620    8752.8168   
3      bloco/r8/t3_t0    588    8531.46     
3      bloco/r7/t2_t3    589    8383.8888   
3      bloco/r5/t0_t3    604    8589.8736   
3      bloco/r1/t0_t2    605    8666.7336   
3      bloco/r9/t2_t3    621    8700.552    
3      bloco/r6/t0_t2    592    8430.0048   
3      bloco/r2/t2_t2    595    8635.9896   
3      bloco/r8/t1_t2    604    8574.5016   
3      bloco/r5/t3_t3    614    9020.2896   
3      bloco/r4/t3_t2    590    8399.2608   
3      bloco/r4/t2_t3    606    8903.4624   
3      bloco/r1/t3_t2    946    13447.4256  
3      bloco/r2/t1_t2    589    8430.0048   
3      bloco/r6/t1_t3    612    8660.5848   
3      bloco/r8/t2_t3    594    8488.4184   
3      bloco/r3/t0_t1    597    8488.4184   
3      bloco/r7/t0_t2    962    13622.6664  
3      bloco/r3/t2_t2    949    13533.5088  
3      bloco/r9/t1_t2    592    8614.4688   
3      bloco/r6/t3_t3    620    9075.6288   
3      bloco/r5/t3_t2    620    8706.7008   
3      bloco/r3/t1_t2    587    8522.2368   
3      bloco/r6/t2_t1    597    8568.3528   
3      bloco/r4/t0_t1    949    13487.3928  
3      bloco/r1/t1_t0    610    8626.7664   
3      bloco/r2/t3_t2    606    8611.3944   
3      bloco/r3/t0_t0    597    8589.8736   
3      bloco/r8/t1_t1    595    8629.8408   
3      bloco/r8/t0_t2    614    9078.7032   
3      bloco/r1/t2_t1    595    8903.4624   
3      bloco/r8/t3_t2    977    13871.6928  
3      bloco/r5/t1_t1    602    8562.204    
3      bloco/r7/t2_t1    962    13613.4432  
3      bloco/r5/t0_t1    618    9103.2984   
3      bloco/r1/t0_t0    945    13435.128   
3      bloco/r4/t3_t0    602    8648.2872   
3      bloco/r2/t1_t0    612    8998.7688   
3      bloco/r9/t3_t2    591    8580.6504   
3      bloco/r6/t1_t1    597    8657.5104   
3      bloco/r8/t2_t1    610    9032.5872   
3      bloco/r6/t0_t1    611    8918.8344   
3      bloco/r2/t0_t0    613    8623.692    
3      bloco/r2/t2_t1    616    8675.9568   
3      bloco/r7/t0_t0    619    9103.2984   
3      bloco/r3/t2_t0    605    8516.088    
3      bloco/r5/t3_t0    603    8589.8736   
3      bloco/r5/t2_t1    596    8623.692    
3      bloco/r3/t1_t0    608    8888.0904   
